0,0000000000000000  0,0000000000000000  0,0000000000000000  4,0832870206248200  3,8889611712504000  6,6211491277307600  8,7899192170212400  = 51,0291880738682719
0,0000000000000000  0,0000000000000000  1,6488815242868200  -6,5440667807768800  1,4832801793420400  1,2873478356369200  -1,7560269091930600  = -42,3465001280946519
0,0000000000000000  -7,4914830961558200  -9,0488433256788040  -7,4101726695896600  -3,9506176511459000  1,8328088223132000  -5,5199567774614200  = -164,9851935415829814
-6,5741141815977200  -4,9212432076687600  -3,3401018008112200  -5,3341308349437200  0,9312728175904400  8,2636080249183600  2,0547422742889600  = 5,1547462127817538
4,4226123560391800  4,3969348715268600  1,5419947111812800  5,7188304323319000  -3,5652623728967000  2,4712987501514800  5,1017357783688400  = 33,0365896424879549
-9,4035203845049160  -8,8000135848560520  -1,0120316516713200  7,7906845668874400  -6,9315025695822600  -1,5926463472062200  7,9302850632408000  = -4,7385392662578172
-0,0482991815822200  1,1940420657107800  9,0748842452705000  7,2632321596015400  8,1914437118945200  6,5951645620658200  -4,4463298734631000  = 89,5147150642188932
-7,7913947185033200  1,9331018606666200  -7,1643890668437200  -0,4568656144118800  -0,6298772312762200  5,5000034659504600  0,0000000000000000  = -42,3056824481698653
7,8927521217885600  -3,6049142279453000  8,5984674187323200  -3,4959243226704400  -1,3419815441036400  0,0000000000000000  0,0000000000000000  = 44,8562501308443713
-2,6549022239566400  9,3343967909978200  1,9847445958331600  -6,2479366014257200  0,0000000000000000  0,0000000000000000  0,0000000000000000  = -55,5397339894768335

