Matrix Size: 12
Number K: 7
0,000000000000  0,000000000000  0,000000000000  0,000000000000  0,000000000000  0,000000000000  -1,134418576432  0,000000000000  0,000000000000  0,000000000000  -0,186043511387  3,152343223735    =  9,691542594960  
0,000000000000  0,000000000000  0,000000000000  0,000000000000  0,000000000000  0,000000000000  8,775428349296  0,000000000000  0,000000000000  -6,679461113120  2,888400255640  -4,673848602076    =  1,607011667423  
0,000000000000  0,000000000000  0,000000000000  0,000000000000  0,000000000000  0,000000000000  6,175497458327  0,000000000000  -4,434269689463  -7,263154251455  6,349395288492  0,000000000000    =  6,883399300747  
0,000000000000  0,000000000000  0,000000000000  0,000000000000  0,000000000000  0,000000000000  8,500300800865  -2,301781175287  -3,714611466897  -1,618283153337  0,000000000000  0,000000000000    =  2,188938838031  
0,000000000000  0,000000000000  0,000000000000  0,000000000000  0,000000000000  0,000000000000  -0,880987164514  8,403694792777  4,090802706285  0,000000000000  0,000000000000  0,000000000000    =  5,346178860958  
0,000000000000  0,000000000000  0,000000000000  0,000000000000  0,000000000000  -5,815982611735  0,040889146923  -2,162061039954  0,000000000000  0,000000000000  0,000000000000  0,000000000000    =  2,874809347676  
4,710837896013  1,321731161366  1,858672834415  -5,939018731344  -3,127524500340  -2,224543081915  -7,467851463517  2,727101761029  -6,901070205894  6,068731696219  2,316732919466  2,056773046949    =  -0,538668337131  
0,000000000000  0,000000000000  0,000000000000  -3,707975540864  6,354868932409  -1,339654722092  -8,529865821240  0,000000000000  0,000000000000  0,000000000000  0,000000000000  0,000000000000    =  -3,454392273408  
0,000000000000  0,000000000000  3,484435727470  -7,178136979155  -2,506338765627  0,000000000000  -6,425939350699  0,000000000000  0,000000000000  0,000000000000  0,000000000000  0,000000000000    =  2,782290588413  
0,000000000000  -1,672753089783  -9,287928381821  -5,439435268125  0,000000000000  0,000000000000  3,586037439802  0,000000000000  0,000000000000  0,000000000000  0,000000000000  0,000000000000    =  1,940663510061  
8,554735772375  3,546443637845  -6,854439350277  0,000000000000  0,000000000000  0,000000000000  3,229027006025  0,000000000000  0,000000000000  0,000000000000  0,000000000000  0,000000000000    =  -5,562820795313  
3,595409864507  2,358493630694  0,000000000000  0,000000000000  0,000000000000  0,000000000000  0,656766102412  0,000000000000  0,000000000000  0,000000000000  0,000000000000  0,000000000000    =  -8,469816033884  
