0,0000000000000000  0,0000000000000000  0,0000000000000000  0,0000000000000000  0,0000000000000000  0,0000000000000000  4,1719977270380400  0,0000000000000000  0,0000000000000000  0,0000000000000000  0,1370246214666400  1,1262524936340000  = 15,7756553296012970
0,0000000000000000  0,0000000000000000  0,0000000000000000  0,0000000000000000  0,0000000000000000  0,0000000000000000  2,7859367041108800  0,0000000000000000  0,0000000000000000  3,7099936932943200  -5,7247511781209800  -5,5443713434999200  = 64,3258368245786432
0,0000000000000000  0,0000000000000000  0,0000000000000000  0,0000000000000000  0,0000000000000000  0,0000000000000000  5,8786218319817600  0,0000000000000000  -9,6605161813535540  -9,0851087983425580  -1,6755899372272200  0,0000000000000000  = -117,8707310282197729
0,0000000000000000  0,0000000000000000  0,0000000000000000  0,0000000000000000  0,0000000000000000  0,0000000000000000  9,0912716147889000  -7,4147232169981000  -8,4720899972869680  0,5289033449061000  0,0000000000000000  0,0000000000000000  = 10,2877667704767145
0,0000000000000000  0,0000000000000000  0,0000000000000000  0,0000000000000000  0,0000000000000000  0,0000000000000000  6,6139423955719800  -4,9573514458560800  3,8509751363103400  0,0000000000000000  0,0000000000000000  0,0000000000000000  = 95,3439356801152509
0,0000000000000000  0,0000000000000000  0,0000000000000000  0,0000000000000000  0,0000000000000000  -7,7159884413182200  8,8076396905262000  -2,3641247386596600  0,0000000000000000  0,0000000000000000  0,0000000000000000  0,0000000000000000  = 95,4177222946789950
-4,1723963746755800  7,1348192750572600  5,2907572294714400  -3,8898395437272400  -7,0911391345819200  2,0759782534678400  3,9509219835050400  6,0609917514431800  -3,1414518966205800  5,3750352614967600  6,6116283149204600  -9,5406994659684360  = 82,5534891797363624
0,0000000000000000  0,0000000000000000  0,0000000000000000  9,5269244338564400  5,1881575210881600  5,4692529348494400  -5,7821461803200600  0,0000000000000000  0,0000000000000000  0,0000000000000000  0,0000000000000000  0,0000000000000000  = -126,6191715898696250
0,0000000000000000  0,0000000000000000  2,3076900086114400  -1,1814394314376400  -1,9903712746706200  0,0000000000000000  5,6646201152643800  0,0000000000000000  0,0000000000000000  0,0000000000000000  0,0000000000000000  0,0000000000000000  = 58,0032043481486287
0,0000000000000000  6,1203617874529800  -3,9095548281985200  0,1769634446391800  0,0000000000000000  0,0000000000000000  8,9110190314429200  0,0000000000000000  0,0000000000000000  0,0000000000000000  0,0000000000000000  0,0000000000000000  = 20,7670083378459305
4,9710950087036000  8,5802023179185400  4,7715657676070200  0,0000000000000000  0,0000000000000000  0,0000000000000000  0,3238479264591200  0,0000000000000000  0,0000000000000000  0,0000000000000000  0,0000000000000000  0,0000000000000000  = 86,4513046108665469
8,4109905161319800  0,2462258700643600  0,0000000000000000  0,0000000000000000  0,0000000000000000  0,0000000000000000  2,0603637178327200  0,0000000000000000  0,0000000000000000  0,0000000000000000  0,0000000000000000  0,0000000000000000  = 37,6183493317517529

