0,0000000000000000  0,0000000000000000  0,0000000000000000  0,0000000000000000  0,0000000000000000  0,0000000000000000  0,0000000000000000  0,0000000000000000  0,0000000000000000  1,0000000000000000  = 0,9999999999999994
0,0000000000000000  0,0000000000000000  0,0000000000000000  0,0000000000000000  0,0000000000000000  0,0000000000000000  0,0000000000000000  0,0000000000000000  1,0000000000000000  0,0000000000000000  = 1,9999999999999973
0,0000000000000000  0,0000000000000000  0,0000000000000000  0,0000000000000000  0,0000000000000000  0,0000000000000000  0,0000000000000000  1,0000000000000000  0,0000000000000000  0,0000000000000000  = 2,0000000000000018
0,0000000000000000  0,0000000000000000  0,0000000000000000  0,0000000000000000  0,0000000000000000  0,0000000000000000  1,0000000000000000  0,0000000000000000  0,0000000000000000  0,0000000000000000  = 2,0000000000000000
0,0000000000000000  0,0000000000000000  0,0000000000000000  0,0000000000000000  0,0000000000000000  1,0000000000000000  0,0000000000000000  0,0000000000000000  0,0000000000000000  0,0000000000000000  = 1,9999999999999998
0,0000000000000000  0,0000000000000000  0,0000000000000000  0,0000000000000000  1,0000000000000000  0,0000000000000000  0,0000000000000000  0,0000000000000000  0,0000000000000000  0,0000000000000000  = 2,0000000000000000
0,0000000000000000  0,0000000000000000  0,0000000000000000  1,0000000000000000  0,0000000000000000  0,0000000000000000  0,0000000000000000  0,0000000000000000  0,0000000000000000  0,0000000000000000  = 1,9999999999999998
0,0000000000000000  0,0000000000000000  1,0000000000000000  0,0000000000000000  0,0000000000000000  0,0000000000000000  0,0000000000000000  0,0000000000000000  0,0000000000000000  0,0000000000000000  = 2,0000000000000000
0,0000000000000000  1,0000000000000000  0,0000000000000000  0,0000000000000000  0,0000000000000000  0,0000000000000000  0,0000000000000000  0,0000000000000000  0,0000000000000000  0,0000000000000000  = 2,0000000000000004
1,0000000000000000  0,0000000000000000  0,0000000000000000  0,0000000000000000  0,0000000000000000  0,0000000000000000  0,0000000000000000  0,0000000000000000  0,0000000000000000  0,0000000000000000  = 2,0000000000000018

