0,0000000000000000  0,0000000000000000  0,0000000000000000  0,0000000000000000  0,0000000000000000  0,0000000000000000  0,0000000000000000  0,0000000000000000  -0,3750000000000000  1,0000000000000000  = 0,2500000000000004
0,0000000000000000  0,0000000000000000  0,0000000000000000  0,0000000000000000  0,0000000000000000  0,0000000000000000  0,0000000000000000  1,7142857142857142  1,0000000000000000  0,0000000000000000  = 5,4285714285714288
0,0000000000000000  0,0000000000000000  0,0000000000000000  0,0000000000000000  0,0000000000000000  0,0000000000000000  2,0000000000000000  1,0000000000000000  0,0000000000000000  0,0000000000000000  = 6,0000000000000018
0,0000000000000000  0,0000000000000000  0,0000000000000000  0,0000000000000000  0,0000000000000000  0,0000000000000000  1,0000000000000000  0,0000000000000000  0,0000000000000000  0,0000000000000000  = 2,0000000000000000
0,0000000000000000  0,0000000000000000  0,0000000000000000  0,0000000000000000  0,0000000000000000  1,0000000000000000  0,0000000000000000  0,0000000000000000  0,0000000000000000  0,0000000000000000  = 1,9999999999999998
0,0000000000000000  0,0000000000000000  0,0000000000000000  0,0000000000000000  1,0000000000000000  0,0000000000000000  0,0000000000000000  0,0000000000000000  0,0000000000000000  0,0000000000000000  = 2,0000000000000000
0,0000000000000000  0,0000000000000000  0,0000000000000000  1,0000000000000000  -0,1069237510955302  0,0000000000000000  0,0000000000000000  0,0000000000000000  0,0000000000000000  0,0000000000000000  = 1,7861524978089394
0,0000000000000000  0,0000000000000000  1,0000000000000000  -1,3524590163934427  0,0000000000000000  0,0000000000000000  0,0000000000000000  0,0000000000000000  0,0000000000000000  0,0000000000000000  = -0,7049180327868849
0,0000000000000000  1,0000000000000000  -0,1090909090909091  0,0000000000000000  0,0000000000000000  0,0000000000000000  0,0000000000000000  0,0000000000000000  0,0000000000000000  0,0000000000000000  = 1,7818181818181822
1,0000000000000000  -7,0000000000000000  0,0000000000000000  0,0000000000000000  0,0000000000000000  0,0000000000000000  0,0000000000000000  0,0000000000000000  0,0000000000000000  0,0000000000000000  = -12,0000000000000018

