Matrix Size: 12
Number K: 7
0,0  0,0  0,0  0,0  0,0  0,0  0,5  0,0  0,0  0,0  0,5  1,0    =  6,0  
0,0  0,0  0,0  0,0  0,0  0,0  0,3  0,0  0,0  3,3  1,0  0,0    =  19,3  
0,0  0,0  0,0  0,0  0,0  0,0  -2,0  0,0  -2,4  1,0  0,0  0,0    =  -11,0  
0,0  0,0  0,0  0,0  0,0  0,0  1,0  0,4  1,0  0,0  0,0  0,0    =  7,9  
0,0  0,0  0,0  0,0  0,0  0,0  0,0  1,0  0,0  0,0  0,0  0,0    =  -126,4  
0,0  0,0  0,0  0,0  0,0  0,0  1,0  0,0  0,0  0,0  0,0  0,0    =  192,0  
0,0  0,0  0,0  0,0  0,0  1,0  0,0  0,0  0,0  0,0  0,0  0,0    =  28,0  
0,0  0,0  0,0  0,0  1,0  0,0  0,0  0,0  0,0  0,0  0,0  0,0    =  6,7  
0,0  0,0  0,0  1,0  72,5  0,0  -0,5  0,0  0,0  0,0  0,0  0,0    =  219,5  
0,0  0,0  1,0  0,5  0,0  0,0  0,8  0,0  0,0  0,0  0,0  0,0    =  6,0  
0,0  1,0  -1,1  0,0  0,0  0,0  0,4  0,0  0,0  0,0  0,0  0,0    =  1,6  
1,0  1,3  0,0  0,0  0,0  0,0  1,0  0,0  0,0  0,0  0,0  0,0    =  12,3  
