Matrix Size: 12
Number K: 7
0,000000000000  0,000000000000  0,000000000000  0,000000000000  0,000000000000  0,000000000000  -0,359865184695  0,000000000000  0,000000000000  0,000000000000  -0,059017530194  1,000000000000    =  3,074393207564  
0,000000000000  0,000000000000  0,000000000000  0,000000000000  0,000000000000  0,000000000000  2,715141299081  0,000000000000  0,000000000000  -2,556671580901  1,000000000000  0,000000000000    =  6,115171475657  
0,000000000000  0,000000000000  0,000000000000  0,000000000000  0,000000000000  0,000000000000  -1,233423114609  0,000000000000  -0,494335395824  1,000000000000  0,000000000000  0,000000000000    =  -3,561165749660  
0,000000000000  0,000000000000  0,000000000000  0,000000000000  0,000000000000  0,000000000000  -1,440724087435  0,509854307610  1,000000000000  0,000000000000  0,000000000000  0,000000000000    =  0,791664089189  
0,000000000000  0,000000000000  0,000000000000  0,000000000000  0,000000000000  0,000000000000  0,793407024327  1,000000000000  0,000000000000  0,000000000000  0,000000000000  0,000000000000    =  0,333593457339  
0,000000000000  0,000000000000  0,000000000000  0,000000000000  0,000000000000  0,000000000000  -8,519541330338  0,000000000000  0,000000000000  0,000000000000  0,000000000000  0,000000000000    =  51,597517167088  
0,000000000000  0,000000000000  0,000000000000  0,000000000000  0,000000000000  1,000000000000  -1,766825243365  0,000000000000  0,000000000000  0,000000000000  0,000000000000  0,000000000000    =  8,253370342831  
0,000000000000  0,000000000000  0,000000000000  0,000000000000  1,000000000000  -0,188327083019  -1,014449796718  0,000000000000  0,000000000000  0,000000000000  0,000000000000  0,000000000000    =  -0,212079381645  
0,000000000000  0,000000000000  0,000000000000  1,000000000000  0,204580114027  0,000000000000  0,354271745431  0,000000000000  0,000000000000  0,000000000000  0,000000000000  0,000000000000    =  0,524754495458  
0,000000000000  0,000000000000  1,000000000000  1,455902547891  0,000000000000  0,000000000000  -0,598578432448  0,000000000000  0,000000000000  0,000000000000  0,000000000000  0,000000000000    =  2,643506699949  
0,000000000000  1,000000000000  3,318961107082  0,000000000000  0,000000000000  0,000000000000  -0,806857295555  0,000000000000  0,000000000000  0,000000000000  0,000000000000  0,000000000000    =  -7,064484007514  
1,000000000000  0,655973510552  0,000000000000  0,000000000000  0,000000000000  0,000000000000  0,182667936943  0,000000000000  0,000000000000  0,000000000000  0,000000000000  0,000000000000    =  -2,355730320901  
