-0,3405491675873362 -0,0000000000000001 0,0000000000000014 0,0000000000000001 0,0000000000000000 -0,0000000000000006 -0,0000000000000004 -0,0000000000000002 -0,0000000000000004 0,0000000000000012 
-0,0000000000000001 -0,3465518002147801 0,0000000000000011 0,0000000000000001 0,0000000000000000 -0,0000000000000005 -0,0000000000000004 -0,0000000000000002 -0,0000000000000003 0,0000000000000010 
0,0000000000000003 0,0000000000000002 -1,6838027159457878 -0,0000000000000001 -0,0000000000000001 0,0000000000000010 0,0000000000000007 0,0000000000000003 0,0000000000000006 -0,0000000000000018 
0,0000000000000000 0,0000000000000000 -0,0000000000000003 -0,6275330781040040 0,0000000000000000 0,0000000000000001 0,0000000000000001 0,0000000000000000 0,0000000000000001 -0,0000000000000002 
0,0000000000000000 0,0000000000000000 0,0000000000000002 0,0000000000000000 0,6227493865691440 -0,0000000000000001 -0,0000000000000001 0,0000000000000000 -0,0000000000000001 0,0000000000000002 
0,0000000000000002 0,0000000000000001 -0,0000000000000013 -0,0000000000000001 0,0000000000000000 1,3205113649221086 0,0000000000000004 0,0000000000000002 0,0000000000000003 -0,0000000000000011 
0,0000000000000001 0,0000000000000001 -0,0000000000000008 0,0000000000000000 0,0000000000000000 0,0000000000000004 1,3933151695942082 0,0000000000000001 0,0000000000000002 -0,0000000000000007 
-0,0000000000000001 -0,0000000000000001 0,0000000000000010 0,0000000000000000 0,0000000000000000 -0,0000000000000005 -0,0000000000000003 -0,5214613076384721 -0,0000000000000003 0,0000000000000009 
0,0000000000000002 0,0000000000000002 -0,0000000000000017 -0,0000000000000001 -0,0000000000000001 0,0000000000000008 0,0000000000000005 0,0000000000000002 0,5494269206321404 -0,0000000000000014 
-0,0000000000000002 -0,0000000000000002 0,0000000000000016 0,0000000000000001 0,0000000000000001 -0,0000000000000007 -0,0000000000000005 -0,0000000000000002 -0,0000000000000004 1,8978446450628414 

